  i          x            density        pressure        velocity

   1   -4.95E+00    1.00E+00    1.00E+00    0.00E+00    2.50E+00    1.00E+00    2.50E+00    3.50E+00    1.00E+00    0.00E+00
   2   -4.85E+00    1.00E+00    1.00E+00    0.00E+00    2.50E+00    1.00E+00    2.50E+00    3.50E+00    1.00E+00    0.00E+00
   3   -4.75E+00    1.00E+00    1.00E+00    0.00E+00    2.50E+00    1.00E+00    2.50E+00    3.50E+00    1.00E+00    0.00E+00
   4   -4.65E+00    1.00E+00    1.00E+00    0.00E+00    2.50E+00    1.00E+00    2.50E+00    3.50E+00    1.00E+00    0.00E+00
   5   -4.55E+00    1.00E+00    1.00E+00    0.00E+00    2.50E+00    1.00E+00    2.50E+00    3.50E+00    1.00E+00    0.00E+00
   6   -4.45E+00    1.00E+00    1.00E+00    0.00E+00    2.50E+00    1.00E+00    2.50E+00    3.50E+00    1.00E+00    0.00E+00
   7   -4.35E+00    1.00E+00    1.00E+00    0.00E+00    2.50E+00    1.00E+00    2.50E+00    3.50E+00    1.00E+00    0.00E+00
   8   -4.25E+00    1.00E+00    1.00E+00    0.00E+00    2.50E+00    1.00E+00    2.50E+00    3.50E+00    1.00E+00    0.00E+00
   9   -4.15E+00    1.00E+00    1.00E+00    0.00E+00    2.50E+00    1.00E+00    2.50E+00    3.50E+00    1.00E+00    0.00E+00
  10   -4.05E+00    1.00E+00    1.00E+00    0.00E+00    2.50E+00    1.00E+00    2.50E+00    3.50E+00    1.00E+00    0.00E+00
  11   -3.95E+00    1.00E+00    1.00E+00    0.00E+00    2.50E+00    1.00E+00    2.50E+00    3.50E+00    1.00E+00    0.00E+00
  12   -3.85E+00    1.00E+00    1.00E+00    0.00E+00    2.50E+00    1.00E+00    2.50E+00    3.50E+00    1.00E+00    0.00E+00
  13   -3.75E+00    1.00E+00    1.00E+00    0.00E+00    2.50E+00    1.00E+00    2.50E+00    3.50E+00    1.00E+00    0.00E+00
  14   -3.65E+00    1.00E+00    1.00E+00    0.00E+00    2.50E+00    1.00E+00    2.50E+00    3.50E+00    1.00E+00    0.00E+00
  15   -3.55E+00    1.00E+00    1.00E+00    0.00E+00    2.50E+00    1.00E+00    2.50E+00    3.50E+00    1.00E+00    0.00E+00
  16   -3.45E+00    1.00E+00    1.00E+00    0.00E+00    2.50E+00    1.00E+00    2.50E+00    3.50E+00    1.00E+00    0.00E+00
  17   -3.35E+00    1.00E+00    1.00E+00    0.00E+00    2.50E+00    1.00E+00    2.50E+00    3.50E+00    1.00E+00    0.00E+00
  18   -3.25E+00    1.00E+00    1.00E+00    0.00E+00    2.50E+00    1.00E+00    2.50E+00    3.50E+00    1.00E+00    0.00E+00
  19   -3.15E+00    1.00E+00    1.00E+00    0.00E+00    2.50E+00    1.00E+00    2.50E+00    3.50E+00    1.00E+00    0.00E+00
  20   -3.05E+00    1.00E+00    1.00E+00    0.00E+00    2.50E+00    1.00E+00    2.50E+00    3.50E+00    1.00E+00    0.00E+00
  21   -2.95E+00    1.00E+00    1.00E+00    0.00E+00    2.50E+00    1.00E+00    2.50E+00    3.50E+00    1.00E+00    0.00E+00
  22   -2.85E+00    1.00E+00    1.00E+00    0.00E+00    2.50E+00    1.00E+00    2.50E+00    3.50E+00    1.00E+00    0.00E+00
  23   -2.75E+00    1.00E+00    1.00E+00    0.00E+00    2.50E+00    1.00E+00    2.50E+00    3.50E+00    1.00E+00    0.00E+00
  24   -2.65E+00    1.00E+00    1.00E+00    0.00E+00    2.50E+00    1.00E+00    2.50E+00    3.50E+00    1.00E+00    0.00E+00
  25   -2.55E+00    1.00E+00    1.00E+00    0.00E+00    2.50E+00    1.00E+00    2.50E+00    3.50E+00    1.00E+00    0.00E+00
  26   -2.45E+00    1.00E+00    1.00E+00    0.00E+00    2.50E+00    1.00E+00    2.50E+00    3.50E+00    1.00E+00    0.00E+00
  27   -2.35E+00    9.94E-01    9.92E-01    6.85E-03    2.49E+00    9.98E-01    2.50E+00    3.50E+00    1.00E+00    0.00E+00
  28   -2.25E+00    9.60E-01    9.44E-01    4.85E-02    2.46E+00    9.84E-01    2.50E+00    3.50E+00    1.00E+00    0.00E+00
  29   -2.15E+00    9.26E-01    8.98E-01    9.02E-02    2.42E+00    9.70E-01    2.50E+00    3.50E+00    1.00E+00    0.00E+00
  30   -2.05E+00    8.93E-01    8.54E-01    1.32E-01    2.39E+00    9.56E-01    2.50E+00    3.50E+00    1.00E+00    0.00E+00
  31   -1.95E+00    8.62E-01    8.12E-01    1.74E-01    2.36E+00    9.42E-01    2.50E+00    3.50E+00    1.00E+00    5.55E-16
  32   -1.85E+00    8.31E-01    7.72E-01    2.15E-01    2.32E+00    9.29E-01    2.50E+00    3.50E+00    1.00E+00   -2.78E-16
  33   -1.75E+00    8.01E-01    7.33E-01    2.57E-01    2.29E+00    9.15E-01    2.50E+00    3.50E+00    1.00E+00    0.00E+00
  34   -1.65E+00    7.72E-01    6.96E-01    2.99E-01    2.25E+00    9.02E-01    2.50E+00    3.50E+00    1.00E+00    0.00E+00
  35   -1.55E+00    7.44E-01    6.61E-01    3.40E-01    2.22E+00    8.88E-01    2.50E+00    3.50E+00    1.00E+00    0.00E+00
  36   -1.45E+00    7.16E-01    6.27E-01    3.82E-01    2.19E+00    8.75E-01    2.50E+00    3.50E+00    1.00E+00    0.00E+00
  37   -1.35E+00    6.90E-01    5.95E-01    4.24E-01    2.15E+00    8.62E-01    2.50E+00    3.50E+00    1.00E+00    0.00E+00
  38   -1.25E+00    6.64E-01    5.64E-01    4.65E-01    2.12E+00    8.49E-01    2.50E+00    3.50E+00    1.00E+00    0.00E+00
  39   -1.15E+00    6.39E-01    5.34E-01    5.07E-01    2.09E+00    8.36E-01    2.50E+00    3.50E+00    1.00E+00    0.00E+00
  40   -1.05E+00    6.15E-01    5.06E-01    5.49E-01    2.06E+00    8.23E-01    2.50E+00    3.50E+00    1.00E+00    0.00E+00
  41   -9.50E-01    5.91E-01    4.79E-01    5.90E-01    2.03E+00    8.10E-01    2.50E+00    3.50E+00    1.00E+00   -2.78E-16
  42   -8.50E-01    5.69E-01    4.54E-01    6.32E-01    1.99E+00    7.98E-01    2.50E+00    3.50E+00    1.00E+00   -2.78E-16
  43   -7.50E-01    5.46E-01    4.29E-01    6.74E-01    1.96E+00    7.85E-01    2.50E+00    3.50E+00    1.00E+00    0.00E+00
  44   -6.50E-01    5.25E-01    4.06E-01    7.15E-01    1.93E+00    7.73E-01    2.50E+00    3.50E+00    1.00E+00   -2.78E-16
  45   -5.50E-01    5.04E-01    3.84E-01    7.57E-01    1.90E+00    7.61E-01    2.50E+00    3.50E+00    1.00E+00    0.00E+00
  46   -4.50E-01    4.84E-01    3.62E-01    7.99E-01    1.87E+00    7.48E-01    2.50E+00    3.50E+00    1.00E+00    0.00E+00
  47   -3.50E-01    4.65E-01    3.42E-01    8.40E-01    1.84E+00    7.36E-01    2.50E+00    3.50E+00    1.00E+00    0.00E+00
  48   -2.50E-01    4.46E-01    3.23E-01    8.82E-01    1.81E+00    7.24E-01    2.50E+00    3.50E+00    1.00E+00    0.00E+00
  49   -1.50E-01    4.28E-01    3.05E-01    9.24E-01    1.78E+00    7.12E-01    2.50E+00    3.50E+00    1.00E+00    0.00E+00
  50   -5.00E-02    4.26E-01    3.03E-01    9.27E-01    1.78E+00    7.11E-01    2.50E+00    3.50E+00    1.00E+00    0.00E+00
  51    5.00E-02    4.26E-01    3.03E-01    9.27E-01    1.78E+00    7.11E-01    2.50E+00    3.50E+00    1.00E+00    0.00E+00
  52    1.50E-01    4.26E-01    3.03E-01    9.27E-01    1.78E+00    7.11E-01    2.50E+00    3.50E+00    1.00E+00    0.00E+00
  53    2.50E-01    4.26E-01    3.03E-01    9.27E-01    1.78E+00    7.11E-01    2.50E+00    3.50E+00    1.00E+00    0.00E+00
  54    3.50E-01    4.26E-01    3.03E-01    9.27E-01    1.78E+00    7.11E-01    2.50E+00    3.50E+00    1.00E+00    0.00E+00
  55    4.50E-01    4.26E-01    3.03E-01    9.27E-01    1.78E+00    7.11E-01    2.50E+00    3.50E+00    1.00E+00    0.00E+00
  56    5.50E-01    4.26E-01    3.03E-01    9.27E-01    1.78E+00    7.11E-01    2.50E+00    3.50E+00    1.00E+00    0.00E+00
  57    6.50E-01    4.26E-01    3.03E-01    9.27E-01    1.78E+00    7.11E-01    2.50E+00    3.50E+00    1.00E+00    0.00E+00
  58    7.50E-01    4.26E-01    3.03E-01    9.27E-01    1.78E+00    7.11E-01    2.50E+00    3.50E+00    1.00E+00    0.00E+00
  59    8.50E-01    4.26E-01    3.03E-01    9.27E-01    1.78E+00    7.11E-01    2.50E+00    3.50E+00    1.00E+00    0.00E+00
  60    9.50E-01    4.26E-01    3.03E-01    9.27E-01    1.78E+00    7.11E-01    2.50E+00    3.50E+00    1.00E+00    0.00E+00
  61    1.05E+00    4.26E-01    3.03E-01    9.27E-01    1.78E+00    7.11E-01    2.50E+00    3.50E+00    1.00E+00    0.00E+00
  62    1.15E+00    4.26E-01    3.03E-01    9.27E-01    1.78E+00    7.11E-01    2.50E+00    3.50E+00    1.00E+00    0.00E+00
  63    1.25E+00    4.26E-01    3.03E-01    9.27E-01    1.78E+00    7.11E-01    2.50E+00    3.50E+00    1.00E+00    0.00E+00
  64    1.35E+00    4.26E-01    3.03E-01    9.27E-01    1.78E+00    7.11E-01    2.50E+00    3.50E+00    1.00E+00    0.00E+00
  65    1.45E+00    4.26E-01    3.03E-01    9.27E-01    1.78E+00    7.11E-01    2.50E+00    3.50E+00    1.00E+00    0.00E+00
  66    1.55E+00    4.26E-01    3.03E-01    9.27E-01    1.78E+00    7.11E-01    2.50E+00    3.50E+00    1.00E+00    0.00E+00
  67    1.65E+00    4.26E-01    3.03E-01    9.27E-01    1.78E+00    7.11E-01    2.50E+00    3.50E+00    1.00E+00    0.00E+00
  68    1.75E+00    4.26E-01    3.03E-01    9.27E-01    1.78E+00    7.11E-01    2.50E+00    3.50E+00    1.00E+00    0.00E+00
  69    1.85E+00    4.26E-01    3.03E-01    9.27E-01    1.78E+00    7.11E-01    2.50E+00    3.50E+00    1.00E+00    0.00E+00
  70    1.95E+00    2.66E-01    3.03E-01    9.27E-01    2.85E+00    1.14E+00    2.50E+00    3.50E+00    1.94E+00    1.66E+00
  71    2.05E+00    2.66E-01    3.03E-01    9.27E-01    2.85E+00    1.14E+00    2.50E+00    3.50E+00    1.94E+00    1.66E+00
  72    2.15E+00    2.66E-01    3.03E-01    9.27E-01    2.85E+00    1.14E+00    2.50E+00    3.50E+00    1.94E+00    1.66E+00
  73    2.25E+00    2.66E-01    3.03E-01    9.27E-01    2.85E+00    1.14E+00    2.50E+00    3.50E+00    1.94E+00    1.66E+00
  74    2.35E+00    2.66E-01    3.03E-01    9.27E-01    2.85E+00    1.14E+00    2.50E+00    3.50E+00    1.94E+00    1.66E+00
  75    2.45E+00    2.66E-01    3.03E-01    9.27E-01    2.85E+00    1.14E+00    2.50E+00    3.50E+00    1.94E+00    1.66E+00
  76    2.55E+00    2.66E-01    3.03E-01    9.27E-01    2.85E+00    1.14E+00    2.50E+00    3.50E+00    1.94E+00    1.66E+00
  77    2.65E+00    2.66E-01    3.03E-01    9.27E-01    2.85E+00    1.14E+00    2.50E+00    3.50E+00    1.94E+00    1.66E+00
  78    2.75E+00    2.66E-01    3.03E-01    9.27E-01    2.85E+00    1.14E+00    2.50E+00    3.50E+00    1.94E+00    1.66E+00
  79    2.85E+00    2.66E-01    3.03E-01    9.27E-01    2.85E+00    1.14E+00    2.50E+00    3.50E+00    1.94E+00    1.66E+00
  80    2.95E+00    2.66E-01    3.03E-01    9.27E-01    2.85E+00    1.14E+00    2.50E+00    3.50E+00    1.94E+00    1.66E+00
  81    3.05E+00    2.66E-01    3.03E-01    9.27E-01    2.85E+00    1.14E+00    2.50E+00    3.50E+00    1.94E+00    1.66E+00
  82    3.15E+00    2.66E-01    3.03E-01    9.27E-01    2.85E+00    1.14E+00    2.50E+00    3.50E+00    1.94E+00    1.66E+00
  83    3.25E+00    2.66E-01    3.03E-01    9.27E-01    2.85E+00    1.14E+00    2.50E+00    3.50E+00    1.94E+00    1.66E+00
  84    3.35E+00    2.66E-01    3.03E-01    9.27E-01    2.85E+00    1.14E+00    2.50E+00    3.50E+00    1.94E+00    1.66E+00
  85    3.45E+00    2.66E-01    3.03E-01    9.27E-01    2.85E+00    1.14E+00    2.50E+00    3.50E+00    1.94E+00    1.66E+00
  86    3.55E+00    1.25E-01    1.00E-01    0.00E+00    2.00E+00    8.00E-01    2.50E+00    3.50E+00    1.84E+00    1.52E+00
  87    3.65E+00    1.25E-01    1.00E-01    0.00E+00    2.00E+00    8.00E-01    2.50E+00    3.50E+00    1.84E+00    1.52E+00
  88    3.75E+00    1.25E-01    1.00E-01    0.00E+00    2.00E+00    8.00E-01    2.50E+00    3.50E+00    1.84E+00    1.52E+00
  89    3.85E+00    1.25E-01    1.00E-01    0.00E+00    2.00E+00    8.00E-01    2.50E+00    3.50E+00    1.84E+00    1.52E+00
  90    3.95E+00    1.25E-01    1.00E-01    0.00E+00    2.00E+00    8.00E-01    2.50E+00    3.50E+00    1.84E+00    1.52E+00
  91    4.05E+00    1.25E-01    1.00E-01    0.00E+00    2.00E+00    8.00E-01    2.50E+00    3.50E+00    1.84E+00    1.52E+00
  92    4.15E+00    1.25E-01    1.00E-01    0.00E+00    2.00E+00    8.00E-01    2.50E+00    3.50E+00    1.84E+00    1.52E+00
  93    4.25E+00    1.25E-01    1.00E-01    0.00E+00    2.00E+00    8.00E-01    2.50E+00    3.50E+00    1.84E+00    1.52E+00
  94    4.35E+00    1.25E-01    1.00E-01    0.00E+00    2.00E+00    8.00E-01    2.50E+00    3.50E+00    1.84E+00    1.52E+00
  95    4.45E+00    1.25E-01    1.00E-01    0.00E+00    2.00E+00    8.00E-01    2.50E+00    3.50E+00    1.84E+00    1.52E+00
  96    4.55E+00    1.25E-01    1.00E-01    0.00E+00    2.00E+00    8.00E-01    2.50E+00    3.50E+00    1.84E+00    1.52E+00
  97    4.65E+00    1.25E-01    1.00E-01    0.00E+00    2.00E+00    8.00E-01    2.50E+00    3.50E+00    1.84E+00    1.52E+00
  98    4.75E+00    1.25E-01    1.00E-01    0.00E+00    2.00E+00    8.00E-01    2.50E+00    3.50E+00    1.84E+00    1.52E+00
  99    4.85E+00    1.25E-01    1.00E-01    0.00E+00    2.00E+00    8.00E-01    2.50E+00    3.50E+00    1.84E+00    1.52E+00
 100    4.95E+00    1.25E-01    1.00E-01    0.00E+00    2.00E+00    8.00E-01    2.50E+00    3.50E+00    1.84E+00    1.52E+00
