-4.95 3.85545e+33 48.6837 4.65503e+36 3.44486e+34
-4.85 4.01286e+32 48.6485 4.86526e+35 4.66736e+33
-4.75 2.6921e+31 46.4654 2.74405e+34 -6.48437e+32
-4.65 5.89288e+31 48.7604 7.20334e+34 7.91781e+32
-4.55 6.42081e+30 47.697 7.17645e+33 -5.08913e+31
-4.45 8.83857e+30 48.8333 1.08378e+34 1.19677e+32
-4.35 8.99875e+29 47.6336 1.00022e+33 -8.26891e+30
-4.25 1.28621e+30 48.8885 1.58119e+33 1.76475e+31
-4.15 1.31064e+29 47.6885 1.45966e+32 -1.22635e+30
-4.05 1.87963e+29 48.9502 2.31723e+32 2.61281e+30
-3.95 1.91278e+28 47.7454 2.13469e+31 -1.82062e+29
-3.85 2.74897e+28 49.0147 3.39891e+31 3.87175e+29
-3.75 2.79342e+27 47.8053 3.1243e+30 -2.70657e+28
-3.65 4.02445e+27 49.0827 4.99126e+30 5.74362e+28
-3.55 4.08392e+26 47.8688 4.57828e+29 -4.02805e+27
-3.45 5.89825e+26 49.154 7.3387e+29 8.53073e+27
-3.35 5.97781e+25 47.9356 6.71793e+28 -6.00167e+26
-3.25 8.65493e+25 49.2287 1.08046e+29 1.26869e+27
-3.15 8.76158e+24 48.0058 9.87196e+27 -8.95345e+25
-3.05 1.27165e+25 49.3069 1.59303e+28 1.8895e+26
-2.95 1.28582e+24 48.08 1.45276e+27 -1.33765e+25
-2.85 1.87091e+24 49.3887 2.35226e+27 2.81824e+25
-2.75 1.88903e+23 48.1595 2.1406e+26 -2.00194e+24
-2.65 2.75636e+23 49.4749 3.4787e+26 4.20956e+24
-2.55 2.77809e+22 48.2463 3.15826e+25 -3.00162e+23
-2.45 4.06708e+22 49.5663 5.15346e+25 6.29685e+23
-2.35 4.09217e+21 48.3408 4.66868e+24 -4.50741e+22
-2.25 6.01261e+21 49.6632 7.65071e+24 9.43443e+22
-2.15 6.04372e+20 48.4406 6.92135e+23 -6.77662e+21
-2.05 8.90973e+20 49.7649 1.13867e+24 1.41636e+22
-1.95 8.95544e+19 48.5417 1.02958e+23 -1.02016e+21
-1.85 1.32365e+20 49.8698 1.69924e+23 2.13131e+21
-1.75 1.33105e+19 48.6407 1.53611e+22 -1.53884e+20
-1.65 1.97121e+19 49.9768 2.5421e+22 3.21515e+20
-1.55 1.98264e+18 48.7363 2.29641e+21 -2.32771e+19
-1.45 2.9417e+18 50.085 3.81119e+21 4.86187e+19
-1.35 2.95703e+17 48.8291 3.43689e+20 -3.53245e+18
-1.25 4.39779e+17 50.1943 5.72424e+20 7.36819e+18
-1.15 4.41375e+16 48.9205 5.14707e+19 -5.37831e+17
-1.05 6.58457e+16 50.3049 8.61109e+19 1.11884e+18
-0.95 6.59151e+15 49.0118 7.71157e+18 -8.21384e+16
-0.85 9.8716e+15 50.4171 1.29717e+19 1.70188e+17
-0.75 9.84731e+14 49.104 1.15574e+18 -1.25792e+16
-0.65 1.48161e+15 50.5313 1.9564e+18 2.59265e+16
-0.55 1.47159e+14 49.1981 1.73268e+17 -1.93108e+15
-0.45 2.22599e+14 50.6481 2.95395e+17 3.95508e+15
-0.35 2.20053e+13 49.2956 2.59946e+16 -2.96982e+14
-0.25 3.34794e+13 50.7678 4.46549e+16 6.04187e+14
-0.15 3.29525e+12 49.3991 3.90636e+15 -4.57194e+13
-0.05 5.04245e+12 50.8915 6.76096e+15 9.24523e+13
0.05 4.94783e+11 49.5121 5.88867e+14 -7.04038e+12
0.15 7.60969e+11 51.0201 1.02587e+15 1.41788e+13
0.25 7.45814e+10 49.6371 8.91678e+13 -1.08428e+12
0.35 1.15147e+11 51.1547 1.5611e+14 2.1809e+12
0.45 1.12922e+10 49.7739 1.35701e+13 -1.67137e+11
0.55 1.74799e+10 51.296 2.38388e+13 3.36626e+11
0.65 1.71652e+09 49.9181 2.07406e+12 -2.58294e+10
0.75 2.66146e+09 51.4415 3.65173e+12 5.21257e+10
0.85 2.61618e+08 50.0616 3.17802e+11 -4.01025e+09
0.95 4.06069e+08 51.5866 5.60534e+11 8.08925e+09
1.05 3.98922e+07 50.1945 4.86878e+10 -6.26482e+08
1.15 6.21679e+07 51.7343 8.63413e+10 1.25877e+09
1.25 6.0955e+06 50.3154 7.46948e+09 -9.85273e+07
1.35 9.47518e+06 51.8841 1.32439e+10 1.96207e+08
1.45 962299 50.4373 1.18509e+09 -1.55686e+07
1.55 1.50863e+06 52.02 2.11779e+09 3.06173e+07
1.65 95297.5 49.9847 1.12821e+08 -2.49126e+06
1.75 305484 52.1503 4.27322e+08 4.76663e+06
1.85 -30715.2 53.0425 -4.41446e+07 -374373
1.95 54029.1 52.2503 7.56219e+07 747842
2.05 -1761.08 55.0088 -2.80779e+06 -57325.4
2.15 6271.7 52.4038 8.90364e+06 116841
2.25 685.289 51.1413 872424 -9495.24
2.35 709.878 52.739 1.03178e+06 17821.9
2.45 108.134 49.583 129679 -1297.17
2.55 12.4873 56.6401 28490.4 3384.08
2.65 58.3533 47.8392 70484.6 1484.48
2.75 1.16416 21.8806 7264.65 2794.39
2.85 -0.642725 317.009 -6814.46 10192.3
2.95 3.27788 15.0685 1657.52 514.151
3.05 0.646929 -50.4479 -1155.41 -791.45
3.15 0.894914 -6.4286 -155.958 -69.7798
3.25 0.812015 0.434141 0.704824 0.25132
3.35 0.627799 0.324159 2.05204 0.807622
3.45 0.549154 0.125378 1.64067 0.654541
3.55 0.516893 0.042935 1.49686 0.598553
3.65 0.505221 0.0131899 1.44848 0.579375
3.75 0.501546 0.00390951 1.43369 0.573475
3.85 0.500478 0.0012089 1.42941 0.571765
3.95 0.500166 0.000419142 1.42816 0.571265
4.05 0.500042 0.000106863 1.42767 0.571068
4.15 0.5 -3.13343e-07 1.4275 0.571
4.25 0.5 -3.81768e-07 1.4275 0.571
4.35 0.5 -7.69686e-08 1.4275 0.571
4.45 0.5 -1.28099e-08 1.4275 0.571
4.55 0.5 -2.06042e-09 1.4275 0.571
4.65 0.5 -3.36458e-10 1.4275 0.571
4.75 0.5 -7.01628e-11 1.4275 0.571
4.85 0.5 -3.91027e-11 1.4275 0.571
4.95 0.5 -4.51002e-11 1.4275 0.571
