-4.95 -0.235381
-4.85 -0.137177
-4.75 -0.0376022
-4.65 0.0623485
-4.55 0.161676
-4.45 0.259389
-4.35 0.354509
-4.25 0.446087
-4.15 0.533209
-4.05 0.615002
-3.95 0.690651
-3.85 0.759399
-3.75 0.820559
-3.65 0.873521
-3.55 0.917755
-3.45 0.952818
-3.35 0.978362
-3.25 0.99413
-3.15 0.999965
-3.05 0.995808
-2.95 0.981702
-2.85 0.957787
-2.75 0.924302
-2.65 0.881582
-2.55 0.830054
-2.45 0.770231
-2.35 0.702713
-2.25 0.628174
-2.15 0.547358
-2.05 0.461073
-1.95 0.370181
-1.85 0.27559
-1.75 0.178246
-1.65 0.0791209
-1.55 -0.0207948
-1.45 -0.120503
-1.35 -0.219007
-1.25 -0.315322
-1.15 -0.408487
-1.05 -0.497571
-0.95 -0.581683
-0.85 -0.659983
-0.75 -0.731689
-0.65 -0.796084
-0.55 -0.852525
-0.45 -0.900447
-0.35 -0.939373
-0.25 -0.968912
-0.15 -0.988771
-0.05 -0.99875
0.05 -0.99875
0.15 -0.988771
0.25 -0.968912
0.35 -0.939373
0.45 -0.900447
0.55 -0.852525
0.65 -0.796084
0.75 -0.731689
0.85 -0.659983
0.95 -0.581683
1.05 -0.497571
1.15 -0.408487
1.25 -0.315322
1.35 -0.219007
1.45 -0.120503
1.55 -0.0207948
1.65 0.0791209
1.75 0.178246
1.85 0.27559
1.95 0.370181
2.05 0.461073
2.15 0.547358
2.25 0.628174
2.35 0.702713
2.45 0.770231
2.55 0.830054
2.65 0.881582
2.75 0.924302
2.85 0.957787
2.95 0.981702
3.05 0.995808
3.15 0.999965
3.25 0.99413
3.35 0.978362
3.45 0.952818
3.55 0.917755
3.65 0.873521
3.75 0.820559
3.85 0.759399
3.95 0.690651
4.05 0.615002
4.15 0.533209
4.25 0.446087
4.35 0.354509
4.45 0.259389
4.55 0.161676
4.65 0.0623485
4.75 -0.0376022
4.85 -0.137177
4.95 -0.235381
