-4.95 0.235381
-4.85 0.235124
-4.75 0.235443
-4.65 0.133073
-4.55 0.0377833
-4.45 -0.0621688
-4.35 -0.161703
-4.25 -0.259427
-4.15 -0.354513
-4.05 -0.446053
-3.95 -0.533137
-3.85 -0.614894
-3.75 -0.690508
-3.65 -0.759222
-3.55 -0.82035
-3.45 -0.873282
-3.35 -0.917488
-3.25 -0.952527
-3.15 -0.978048
-3.05 -0.993797
-2.95 -0.999617
-2.85 -0.995449
-2.75 -0.981334
-2.65 -0.957414
-2.55 -0.923928
-2.45 -0.881211
-2.35 -0.829689
-2.25 -0.769877
-2.15 -0.702372
-2.05 -0.62785
-1.95 -0.547054
-1.85 -0.460792
-1.75 -0.369926
-1.65 -0.275365
-1.55 -0.178051
-1.45 -0.0789589
-1.35 0.0209223
-1.25 0.120595
-1.15 0.219062
-1.05 0.31534
-0.95 0.408468
-0.85 0.497514
-0.75 0.58159
-0.65 0.659854
-0.55 0.731525
-0.45 0.795888
-0.35 0.852298
-0.25 0.900192
-0.15 0.939091
-0.05 0.968608
0.05 0.988446
0.15 0.998409
0.25 0.998395
0.35 0.988406
0.45 0.968541
0.55 0.938999
0.65 0.900074
0.75 0.852157
0.85 0.795724
0.95 0.731342
1.05 0.659652
1.15 0.581371
1.25 0.497281
1.35 0.408222
1.45 0.315084
1.55 0.218799
1.65 0.120327
1.75 0.0206528
1.85 -0.0792277
1.95 -0.178317
2.05 -0.275624
2.15 -0.370177
2.25 -0.461031
2.35 -0.54728
2.45 -0.628059
2.55 -0.702564
2.65 -0.770049
2.75 -0.829839
2.85 -0.881338
2.95 -0.924031
3.05 -0.957492
3.15 -0.981385
3.25 -0.995473
3.35 -0.999615
3.45 -0.993768
3.55 -0.977992
3.65 -0.952445
3.75 -0.917381
3.85 -0.873151
3.95 -0.820196
4.05 -0.759046
4.15 -0.690313
4.25 -0.614682
4.35 -0.532909
4.45 -0.445811
4.55 -0.354259
4.65 -0.259168
4.75 -0.161487
4.85 -0.0621922
4.95 0.0377237
