-4.95 0.235381
-4.85 0.222224
-4.75 0.182302
-4.65 0.115245
-4.55 0.029986
-4.45 -0.0640984
-4.35 -0.160929
-4.25 -0.257265
-4.15 -0.351344
-4.05 -0.441987
-3.95 -0.528232
-3.85 -0.609201
-3.75 -0.684084
-3.65 -0.752132
-3.55 -0.812665
-3.45 -0.865078
-3.35 -0.908848
-3.25 -0.943536
-3.15 -0.968797
-3.05 -0.984379
-2.95 -0.990124
-2.85 -0.985977
-2.75 -0.971978
-2.65 -0.948267
-2.55 -0.915082
-2.45 -0.872753
-2.35 -0.821704
-2.25 -0.762445
-2.15 -0.695568
-2.05 -0.621741
-1.95 -0.541702
-1.85 -0.45625
-1.75 -0.36624
-1.65 -0.27257
-1.55 -0.176177
-1.45 -0.078023
-1.35 0.0209101
-1.25 0.119634
-1.15 0.217163
-1.05 0.312522
-0.95 0.404759
-0.85 0.492951
-0.75 0.576218
-0.65 0.653727
-0.55 0.724705
-0.45 0.788441
-0.35 0.8443
-0.25 0.891723
-0.15 0.930236
-0.05 0.959454
0.05 0.979086
0.15 0.988935
0.25 0.988903
0.35 0.97899
0.45 0.959296
0.55 0.930016
0.65 0.891444
0.75 0.843965
0.85 0.788054
0.95 0.724268
1.05 0.653246
1.15 0.575697
1.25 0.492396
1.35 0.404174
1.45 0.311915
1.55 0.216539
1.65 0.118999
1.75 0.0202701
1.85 -0.0786611
1.95 -0.176806
2.05 -0.273185
2.15 -0.366834
2.25 -0.456818
2.35 -0.542238
2.45 -0.622239
2.55 -0.696024
2.65 -0.762854
2.75 -0.822061
2.85 -0.873055
2.95 -0.915326
3.05 -0.948451
3.15 -0.9721
3.25 -0.986035
3.35 -0.990119
3.45 -0.984309
3.55 -0.968665
3.65 -0.943342
3.75 -0.908593
3.85 -0.864767
3.95 -0.812299
4.05 -0.751716
4.15 -0.683621
4.25 -0.608696
4.35 -0.527689
4.45 -0.44141
4.55 -0.35072
4.65 -0.256526
4.75 -0.159769
4.85 -0.0614153
4.95 0.0375519
