-4.95 -0.235381
-4.85 -0.199435
-4.75 -0.126679
-4.65 -0.0351233
-4.55 0.0625869
-4.45 0.161096
-4.35 0.258272
-4.25 0.352911
-4.15 0.444031
-4.05 0.530714
-3.95 0.612095
-3.85 0.68736
-3.75 0.755757
-3.65 0.816603
-3.55 0.869289
-3.45 0.91329
-3.35 0.948166
-3.25 0.973568
-3.15 0.989242
-3.05 0.995032
-2.95 0.99088
-2.85 0.976828
-2.75 0.953015
-2.65 0.919681
-2.55 0.877157
-2.45 0.825868
-2.35 0.766328
-2.25 0.699132
-2.15 0.624949
-2.05 0.544522
-1.95 0.458655
-1.85 0.368205
-1.75 0.274076
-1.65 0.177208
-1.55 0.0785702
-1.45 -0.020853
-1.35 -0.120068
-1.25 -0.218083
-1.15 -0.313919
-1.05 -0.406619
-0.95 -0.495256
-0.85 -0.578944
-0.75 -0.656848
-0.65 -0.728188
-0.55 -0.792253
-0.45 -0.848402
-0.35 -0.896074
-0.25 -0.934793
-0.15 -0.964172
-0.05 -0.983917
0.05 -0.993831
0.15 -0.993814
0.25 -0.983869
0.35 -0.964092
0.45 -0.934683
0.55 -0.895934
0.65 -0.848234
0.75 -0.792059
0.85 -0.727969
0.95 -0.656606
1.05 -0.578682
1.15 -0.494977
1.25 -0.406325
1.35 -0.313614
1.45 -0.217769
1.55 -0.119749
1.65 -0.0205314
1.75 0.0788908
1.85 0.177525
1.95 0.274385
2.05 0.368504
2.15 0.458941
2.25 0.544792
2.35 0.625199
2.45 0.69936
2.55 0.766534
2.65 0.826048
2.75 0.877308
2.85 0.919803
2.95 0.953108
3.05 0.976889
3.15 0.99091
3.25 0.99503
3.35 0.989207
3.45 0.973501
3.55 0.948068
3.65 0.913163
3.75 0.869133
3.85 0.816419
3.95 0.755548
4.05 0.687127
4.15 0.611841
4.25 0.530442
4.35 0.443743
4.45 0.35261
4.55 0.257953
4.65 0.16072
4.75 0.0618804
4.85 -0.0375773
4.95 -0.13666
