-4.95 0.235381
-4.85 0.236772
-4.75 0.221909
-4.65 0.142758
-4.55 0.0366836
-4.45 -0.0622107
-4.35 -0.161517
-4.25 -0.259178
-4.15 -0.354221
-4.05 -0.445735
-3.95 -0.532793
-3.85 -0.614529
-3.75 -0.690124
-3.65 -0.758823
-3.55 -0.819941
-3.45 -0.872866
-3.35 -0.917069
-3.25 -0.95211
-3.15 -0.977637
-3.05 -0.993396
-2.95 -0.99923
-2.85 -0.995079
-2.75 -0.980986
-2.65 -0.957091
-2.55 -0.923634
-2.45 -0.880947
-2.35 -0.829459
-2.25 -0.769683
-2.15 -0.702216
-2.05 -0.627734
-1.95 -0.546979
-1.85 -0.460758
-1.75 -0.369935
-1.65 -0.275414
-1.55 -0.178142
-1.45 -0.0790904
-1.35 0.0207519
-1.25 0.120387
-1.15 0.218819
-1.05 0.315064
-0.95 0.408162
-0.85 0.497181
-0.75 0.581233
-0.65 0.659477
-0.55 0.731132
-0.45 0.795482
-0.35 0.851884
-0.25 0.899773
-0.15 0.938673
-0.05 0.968194
0.05 0.98804
0.15 0.998015
0.25 0.998018
0.35 0.988049
0.45 0.968207
0.55 0.938692
0.65 0.899798
0.75 0.851913
0.85 0.795516
0.95 0.73117
1.05 0.659519
1.15 0.581278
1.25 0.497229
1.35 0.408213
1.45 0.315117
1.55 0.218873
1.65 0.120442
1.75 0.0208072
1.85 -0.0790351
1.95 -0.178088
2.05 -0.275361
2.15 -0.369883
2.25 -0.460709
2.35 -0.546932
2.45 -0.62769
2.55 -0.702177
2.65 -0.769648
2.75 -0.829428
2.85 -0.880921
2.95 -0.923613
3.05 -0.957075
3.15 -0.980976
3.25 -0.995074
3.35 -0.99923
3.45 -0.993402
3.55 -0.977649
3.65 -0.952126
3.75 -0.917091
3.85 -0.872893
3.95 -0.819972
4.05 -0.758859
4.15 -0.690164
4.25 -0.614572
4.35 -0.53284
4.45 -0.445784
4.55 -0.354274
4.65 -0.259225
4.75 -0.161585
4.85 -0.0623304
4.95 0.0375468
