-4.95 1 0 2.5 1
-4.85 1 0 2.5 1
-4.75 1 0 2.5 1
-4.65 1 0 2.5 1
-4.55 1 0 2.5 1
-4.45 1 0 2.5 1
-4.35 1 0 2.5 1
-4.25 1 0 2.5 1
-4.15 1 0 2.5 1
-4.05 1 -6.98741e-14 2.5 1
-3.95 1 -6.65468e-14 2.5 1
-3.85 1 0 2.5 1
-3.75 1 0 2.5 1
-3.65 1 0 2.5 1
-3.55 1 0 2.5 1
-3.45 1 0 2.5 1
-3.35 1 0 2.5 1
-3.25 1 0 2.5 1
-3.15 1 0 2.5 1
-3.05 1 0 2.5 1
-2.95 1 0 2.5 1
-2.85 1 0 2.5 1
-2.75 1 0 2.5 1
-2.65 1 0 2.5 1
-2.55 1 0 2.5 1
-2.45 1 1.11165e-09 2.5 1
-2.35 0.999999 1.11841e-06 2.5 0.999999
-2.25 0.99978 0.000262889 2.49922 0.999689
-2.15 0.973939 0.0333753 2.40823 0.963076
-2.05 0.870699 0.163581 2.071 0.823741
-1.95 0.820906 0.230176 1.91981 0.759224
-1.85 0.786714 0.280985 1.81562 0.713826
-1.75 0.756937 0.323959 1.72949 0.675907
-1.65 0.729959 0.364907 1.65571 0.642845
-1.55 0.705886 0.402192 1.58952 0.612972
-1.45 0.682787 0.438862 1.52819 0.584974
-1.35 0.661829 0.473826 1.47319 0.559557
-1.25 0.641526 0.507738 1.42202 0.535732
-1.15 0.620927 0.542882 1.37263 0.512453
-1.05 0.602286 0.578521 1.32378 0.489198
-0.95 0.58142 0.612576 1.27579 0.466679
-0.85 0.562373 0.649034 1.23291 0.445783
-0.75 0.546048 0.680375 1.19277 0.426555
-0.65 0.532369 0.71031 1.16208 0.41111
-0.55 0.518956 0.722325 1.13445 0.399625
-0.45 0.504855 0.756074 1.10167 0.382949
-0.35 0.492845 0.776322 1.07343 0.369966
-0.25 0.481052 0.813126 1.0493 0.356109
-0.15 0.46579 0.854294 1.02071 0.340297
-0.05 0.456386 0.863349 1.00754 0.334979
0.05 0.4488 0.882395 0.995791 0.328427
0.15 0.449947 0.875496 0.981115 0.32347
0.25 0.446107 0.870835 0.967708 0.319422
0.35 0.43381 0.908233 0.959632 0.312284
0.45 0.436223 0.902994 0.957798 0.31198
0.55 0.430633 0.929212 0.944305 0.303357
0.65 0.429241 0.930882 0.94339 0.302965
0.75 0.426079 0.910682 0.931256 0.301829
0.85 0.418318 0.930303 0.930175 0.299662
0.95 0.421617 0.936461 0.933074 0.299281
1.05 0.418978 0.949987 0.93717 0.299244
1.15 0.420834 0.92846 0.93482 0.301373
1.25 0.426716 0.911434 0.929635 0.300958
1.35 0.42399 0.911159 0.931239 0.302095
1.45 0.420997 0.932548 0.938836 0.302311
1.55 0.417121 0.936907 0.952159 0.307634
1.65 0.409224 0.937885 0.949993 0.308004
1.75 0.396089 0.93728 0.943204 0.307689
1.85 0.372416 0.934858 0.932169 0.307772
1.95 0.33635 0.931073 0.913108 0.306927
2.05 0.271316 0.954071 0.888114 0.305852
2.15 0.250357 0.89766 0.839359 0.295397
2.25 0.243981 0.90172 0.842885 0.297478
2.35 0.243562 0.902476 0.84254 0.297342
2.45 0.243632 0.91166 0.843899 0.297062
2.55 0.248915 0.910325 0.854913 0.30071
2.65 0.253653 0.910696 0.852425 0.298895
2.75 0.254466 0.911352 0.847203 0.296611
2.85 0.258575 0.912158 0.850103 0.297013
2.95 0.258576 0.919634 0.852009 0.297067
3.05 0.268593 0.91606 0.866141 0.301377
3.15 0.267623 0.923607 0.880093 0.306378
3.25 0.266291 0.934212 0.87489 0.303475
3.35 0.264576 0.920346 0.86449 0.300975
3.45 0.253809 0.871824 0.808651 0.284878
3.55 0.199067 0.53876 0.516205 0.194926
3.65 0.12565 0.00612026 0.252032 0.100812
3.75 0.125003 2.33976e-05 0.250008 0.100003
3.85 0.125 1.85837e-08 0.25 0.1
3.95 0.125 5.32374e-14 0.25 0.1
4.05 0.125 0 0.25 0.1
4.15 0.125 0 0.25 0.1
4.25 0.125 0 0.25 0.1
4.35 0.125 0 0.25 0.1
4.45 0.125 0 0.25 0.1
4.55 0.125 0 0.25 0.1
4.65 0.125 0 0.25 0.1
4.75 0.125 0 0.25 0.1
4.85 0.125 0 0.25 0.1
4.95 0.125 0 0.25 0.1
